$ANSIBLE_VAULT;1.1;AES256
66613135353633363063346464303065656264336634323732336436313036343436623133303530
3435373433663933656262626662636461326130363832340a623138643631653930316438663639
30356561353934383066666466306431303664396230363631366133336630343337373364393432
3836356631613639370a386561613931656230363264336161616432633062326134363539393134
62653661393538336665663032353138313932393033343535336135626137616132316461623263
66633639396336343863326530653263353262353961383163313839373338353761663834343262
32313132326662656633613137373563643535393865626238636266656164383366663663633936
36383337623935333534333063613837343639666261663464333065366636306231356666303466
36666339643065386262396536313935386432636637363934373435373139373434333963383032
64346463666537666537356365646565613062326238313639663934666235346564636431616137
66313365313966663763316535383132616362373166626230396438666230396263666532623066
64653063366133663537366339656463626163346636623733356465343062663863643734386264
32383861646534303432313931306433613233613764376536393834363038666666653937303032
35343538366263343763656565643132363032643266333164383836396265393437393363626466
65663636376561313764663933316465633263316461666662333038346466343637396566616265
63656136666533333139356165316261666535643939366265303035643135383265633934303162
33373937313037396263373764343465373730653838373137626236326534643535333039643533
34643461653166323732636165346661666137386137313466303939653836306139356666613337
65646363636431613830343130376134316333313833356361636332353334623461343633376361
33393631386239386162653564353833613665303831316235636264396637356165393363643763
66373135656266383134396161363639326432303563323839393339316365336536663035633531
64313735366561623763643138373734353134343965393038336634356365393764343030383739
32613736393034623337656464386265326465663330353062303965323161396438343064393961
35393734643963656234316566633934383765653537653538626666633061303466353932376337
64346337666336353061343630663835653932363633333365663964313662333438623862393361
61353732373739303832653239323435333537366430386335626466353534646636646264376434
66353866393537376638643435636332376436353435396135656666336363343137356635386637
61396333656139616136393066373063613866633537373635623637656336396633323236366663
33303439633034353337623461393237363231306465393863303365653639643063343462643437
65656538343164616431373562663131613131653566353666343735666133356138323730653462
636231396338666665343637643830666534
