$ANSIBLE_VAULT;1.1;AES256
62336130356437663334366539646366663339643131346339376362356139626364643766633363
6665313436343334376136323530373030643239346563640a383230306133373838393965336463
39323132363238373863373465326665636661643863353839323638633037356337663065333461
3162616131343764610a353366393261666531333739373663323235646663633363646263616161
30353661643366383938393063323566313537303662636434623133626338366634383764316632
34373064383537663436353164396131313334343931643265393235643261363061333337356466
33653863633430313336316266326534373639363661306437653636313833323862636532306331
36383064656439633937363662623739353763353036653339643065666264633564373134323935
63373062663266306231336335393935656534613636333534623532353134353363303133383163
66643637366230656337653339366535373362356435353563346436656166663534626361633763
35653933353331306461653434613561653562356537383366623161643065376533313134346466
61393736386538666462333738643630313435646232383839373130396265383439653537366338
63613736386436613532626633383033323563353961333238323965306635323333616336353536
64613663613233336539313132393833323939623738363130633131343239303337353762396133
66626630623231313835643130613134373666353536303338333531383836633737646633306334
34636638393165656664646265666139383330636565653634613932653766626637346532353538
32613066626133363362633866303166623637346566623138323134393635613632376166376631
66326634353133373061316533353931393736313638313238363864633536303263326336383565
37643932663132623931393733313739386564616530363263656462353462666234356433626133
32613138616564383431646366666133386265376533633463643466366634623430323838623861
65643837383234353963383130393838373131666465633037613132346431366338363462633630
32633966333838356539346436353162383865396636333031313866353464383935626264383330
62633433346430346562326331373639336565326434326565356261386430336265346332366330
37303237373634643766343363313065623530373334623561656136616237383432376331346334
6664
