$ANSIBLE_VAULT;1.1;AES256
66653964306339343030653638343230343564303166326464373431636436356634343337633232
3239303038616537356631646466633762363133353632610a626639333065333131633462386338
32313163333133306638313961666431636437643762353966386536613136306264316337633435
3033353961316334320a303230303037363234313230346565656364343366363164643739333263
65383465616565643761356539663532356236343037366431333934353338363532356664323933
38613037393461666138373761316630306664373331373138386539323231643463363733366436
37636133623362326132613539336337303964646237366563646432333930343162643839616230
64393539616662353239353362383639623134343534383663343239363837623334396636313965
64373861353532303136636366636263333762623734646431393738353135336262306236653164
30303730303064386563623930306131393032643565626631636236306162396564313236346438
61333133323638656366313731633238326430346335613736663938656630323564346162363432
37336463343933323533646162333861323332633837633931666436363161386436393164623031
64643033643632323363363238343565396434353235363264306639663832333965333735393431
37643935303865373032656466356437396536613337386131313761653537666334663835303338
66306538616330653666663866356132366434663865663164373361623633656465336561333631
66643061383036643038393737656237333635623735333466636263623034666636313764303861
34633433396537383164646134643961326661643464323132373963633436383135626138643437
63666361323637396231346239643935316637313837306232633734653166356361363064626535
35346634656236626466316632623736393766396633396630343634323039646330333338623532
63353662633336336337313036316132313063383633323365396633613230333764613631323133
39386332343461626366663333376136633662333436633033613634656435363361633863663836
37316163343364373837303031323238646261376339316562356132643332326139366339303637
34626139653638316666333636383062623234316535303463646262366466323735323136353531
34393061663030366466623635346662343762393361306435383033333666616339316436376636
3438
